603665
603630
600212
300620
603098
002851
603578
300618
002497
603138
603955
300083
300310
603908
002836
300617
300534
603991
603881
603696
002853
300072
300616
002850
603986
300619
300346
603444
002852
002831
300609
000049
300279
601212
300446
603800
002634
002164
603577
002236
300520
002103
600939
002195
002841
000839
300056
603823
603667
300207
603085
603798
603389
300299
600004
603040
603429
300600
603817
603186
002402
300533
300571
600086
300588
603203
603266
000823
600702
600393
300517
002830
300069
000799
300175
002081
002829
300476
300577
002240
600592
300578
603637
300511
603579
002028
000710
603258
000593
300344
300124
600993
300613
600048
300580
002055
600179
300090
603330
600971
002456
603099
002530
002809
300237
600259
600460
300559
600872
002355
002008
002716
603208
002416
002635
600183
603022
603703
002565
300583
300595
600438
002076
002827
300078
300543
300308
603886
300261
300528
600332
600525
600068
603328
300576
300165
300347
300053
600093
300529
000800
002833
002838
600193
300225
002642
002155
300422
300249
600180
002371
603037
300585
300472
002399
002182
600584
600392
300340
603015
300612
000997
600779
601015
300531
300081
000639
002241
600985
601699
000836
603716
300373
300461
000928
601225
002179
300034
300584
002713
002614
600076
603567
603360
601678
600009
601155
300031
603416
600466
300603
002636
600362
002520
600774
600638
300508
000756
300433
601918
300567
603909
300128
600549
002002
300581
300224
600376
000603
603058
300546
600260
300551
002054
300607
002046
300573
600546
002617
002273
603878
601388
000878
300355
300042
600522
000831
300115
002118
603033
002108
002705
603012
600603
300426
002389
000999
600879
000599
300507
603322
600869
601882
300586
300307
000975
603032
300521
603816
600262
002226
603828
002382
600120
603028
601789
300095
300136
603628
002846
603966
002314
603928
300193
002802
002514
300099
002733
603345
300002
002686
002139
300437
000568
603559
600325
002079
300144
600419
002405
300382
000531
600547
300329
600771
000540
601933
002815
000089
300232
002235
300550
601101
600237
002394
002156
600160
603160
300605
002775
002543
002473
300127
600137
300037
000501
000851
600563
600629
601595
002242
002176
600876
002185
600497
603868
603929
002005
002430
600716
001979
000905
300256
002427
002798
002310
603306
600660
300545
001896
603026
300540
601137
000898
300491
600077
600084
000858
002167
300519
603030
002177
002835
300525
603239
600266
002832
000060
600717
603089
600750
300272
603726
002666
002485
002271
600487
600690
603315
002085
600095
002222
002583
002173
601877
002258
600800
603585
601069
600523
000988
000671
002434
300390
300236
000425
300429
002601
603031
600507
002138
300495
300456
000488
000417
000973
300258
002531
000957
600167
002643
300421
600329
000778
300244
002771
600626
000690
600973
002446
002051
603005
002313
002630
300494
601717
002128
002519
603131
300089
002428
300403
600293
002504
300246
000759
002570
000513
600331
603366
300566
600031
002074
601633
600056
300443
600570
002146
300290
603777
000698
002481
300582
002415
002268
000423
002126
002357
300549
002494
000937
002822
603788
002532
002358
600606
300159
002826
600711
000767
600339
002821
600641
603060
600773
300017
002133
002343
600360
600226
000158
000688
300532
600372
300572
603889
300074
600420
000636
300407
300369
300568
002449
603958
000707
600132
000732
000581
300590
002408
000506
002613
000030
600891
601666
600988
300234
300263
002013
600756
600491
300156
600449
002200
002137
600823
601818
002805
600531
000656
002765
300317
002098
300606
601216
300277
603039
000917
300522
000725
600348
002508
601601
600693
300375
600821
600416
600220
000933
601579
600335
300323
600521
000069
000915
002374
600185
600897
300047
002823
002253
000670
002748
002789
000401
600478
600456
300222
600866
000885
000895
300536
600961
000661
002573
300570
300555
002312
603887
000070
000758
002450
002746
300345
002009
002208
601000
603088
603698
300579
601001
000655
601899
600797
002174
300553
600887
300598
600633
600585
002624
603588
603858
000780
300597
000797
000402
600694
000055
002711
002238
300328
300530
300197
600133
000040
002237
603729
000963
000652
600452
300615
603678
600489
300075
300213
002091
002645
000065
603298
002725
600665
300587
002339
600483
600383
600880
600502
603799
300473
600775
600809
600350
000619
601800
002792
002801
601116
300509
000553
603008
300007
600190
300488
300024
300188
300220
600218
002064
002406
000960
002301
600761
600070
000927
300070
600825
601515
600184
600307
603019
002653
601231
601008
002106
300404
002501
002800
600188
002523
000623
300302
000039
600977
600461
600135
601117
603977
300052
300151
000798
002538
603668
002698
300131
600992
002378
000338
600096
600724
000801
002662
002731
603228
300231
002022
600316
603126
002348
300557
300103
600085
000860
601908
600808
600066
603123
600845
300176
603035
002644
002275
600219
600675
601718
601992
600153
000587
600532
002232
300009
600340
300599
002560
600395
002183
600165
600844
002231
603336
600318
603996
000157
600410
300602
600498
300120
002768
002056
002007
600289
002491
300073
002043
000897
600926
600854
600792
000021
002110
603368
000561
600806
000566
600297
600790
600338
600967
600455
600510
002320
603639
603869
002650
603311
603319
300593
603027
002422
300229
002063
002559
300387
002603
300547
300183
300080
002700
000888
002384
603626
000502
002342
300199
002393
002790
000899
600500
600539
002689
603337
002845
600308
601336
603708
300098
600436
000906
000751
002591
300424
600515
600741
603663
002500
000667
600111
002023
300569
300481
300558
300516
600301
300548
300399
300100
002149
600873
000761
300041
300259
000709
600187
002837
600232
603738
002351
000852
002280
000728
600320
300203
002304
002741
002682
002014
000537
002757
300563
300133
000811
300503
600409
600418
603223
600965
300219
600516
000926
300255
002119
300190
601226
600020
000519
002030
002529
002842
600071
002229
600543
002044
002266
300194
601999
600612
002206
000630
002390
300286
600125
000426
000632
000921
600110
300066
300242
600557
002180
300436
601600
002012
300370
000826
000825
002372
600508
300357
300198
000037
000523
600862
002641
000534
000550
002691
601188
300227
600480
002436
300116
600704
600141
002097
000983
603959
603090
300293
002828
600139
002311
600197
000856
600874
300596
300285
002196
002739
600267
002104
000719
000026
603727
300265
000760
300094
600721
600651
002375
000617
600830
300539
000657
600011
300243
002676
000418
002072
300033
600877
300170
000008
600572
300432
600536
002684
601126
300252
000830
002540
603618
002439
600997
300316
002507
000555
603165
300018
300383
601886
002474
002457
002631
600740
002158
000796
600123
002562
603633
601369
600361
600033
600323
000793
603839
002216
300239
600115
002140
600067
002734
300610
002361
000755
002403
300177
601988
002317
601002
600122
603198
300542
600022
000525
600743
300312
300395
300020
300303
300592
600082
002475
603339
600677
300575
000783
600202
600189
002230
002758
603990
000700
002136
300386
002334
600586
600742
300515
600798
002204
600783
300040
603038
600007
300257
300172
601003
600089
600163
300306
002277
600662
600755
600366
002688
601016
300179
600699
600583
002680
300030
002649
601318
300327
300005
002419
600391
002386
601898
002818
603993
000901
300314
600882
300363
000631
600203
002455
603358
000507
603987
300462
300560
600960
300360
002094
300154
300113
002190
002020
603189
300264
000552
601890
300441
600789
000738
000968
002279
300350
600311
300110
600622
300108
300305
002683
002656
600511
300465
600594
002811
002211
000672
300468
002144
000572
300447
600499
300354
002322
603288
000869
002776
300294
600305
601328
000400
002189
601011
300450
002807
300122
002078
601628
002001
300460
600337
300562
002598
000159
002707
600505
600236
603677
300238
600467
300388
002433
300358
300218
002073
000622
000088
600327
600238
000628
300112
600217
300254
600248
002114
300324
600614
000900
002161
300414
600900
600501
002499
600819
300348
600617
300301
600580
300046
600560
002244
601636
600486
600328
002252
000685
601518
603016
300371
601567
002729
603515
603919
603177
600052
000151
601038
000547
600692
300409
603900
600463
000791
600596
000789
000016
300139
601998
601969
300166
300105
002270
600231
002048
600258
603355
600074
603701
600353
600021
600853
002527
601098
002033
300132
000908
600728
000559
002454
601958
600885
300126
601777
300250
000795
002536
600569
300608
002089
601919
000027
002353
600630
002721
000582
300191
002092
601900
300527
002373
002239
002380
600026
601020
600118
601166
603528
601939
600815
002611
300448
601368
600059
000970
000100
600679
600114
002487
000625
603158
600895
600292
600959
600150
601677
600835
300326
000521
600101
002197
000998
002463
002766
600537
000557
002517
002810
601618
300313
300013
002367
600078
000596
600399
300502
600192
000776
002589
002016
600763
002003
002781
300378
300458
002452
300245
000949
000012
300331
002847
002582
600535
300489
600295
603369
002726
600015
000629
601107
603968
601588
300106
600856
600723
002444
300137
002265
603808
000570
601555
600398
600162
002201
600582
000692
600686
300039
603118
002791
002671
603778
603188
000750
600765
000563
600661
000404
600269
600172
000768
601111
600867
600600
002295
603939
002723
002586
002059
603003
002205
000554
600157
000637
600565
300410
601333
603117
600017
603885
002123
600196
300140
600397
600300
002574
603309
600129
300114
600782
000539
600748
600126
600037
300016
002324
300202
601186
002702
300396
601929
002015
600621
000868
002058
600405
000965
300425
002479
600794
000422
600824
002368
600210
002294
002178
300480
603299
601169
002593
002551
300349
600006
002665
600757
600444
600517
600619
600388
601808
600206
000665
601766
300015
600589
600306
300135
601880
300181
002777
603818
300412
600446
000156
002191
000595
300157
603888
000930
600000
300004
300082
000729
600970
002337
000788
601088
000953
000043
600667
600850
002398
002209
600980
002787
000686
300332
002442
603393
002116
600528
600698
600370
002047
002356
600894
000691
000980
601500
002021
002753
300022
002233
000850
002396
600801
000597
300295
601377
300109
601211
300475
300171
000589
300452
002292
603616
300342
603167
603660
300204
600036
300240
300158
600459
601968
002285
000883
600685
600458
000548
300141
002040
600778
000848
300077
600039
000078
300484
600863
600149
002187
002690
002345
002303
600240
600705
601288
600795
002221
600503
600030
603029
000038
600170
002202
002769
002566
600109
600838
603100
002296
601012
600105
002719
002006
000838
603199
600639
300379
002506
300445
002171
600726
002107
000786
603638
600221
002639
000410
601611
002365
002460
603988
002029
300067
600744
002004
601668
601006
002528
600624
000650
600177
000977
601872
600969
300449
600317
300091
600886
002274
600168
300591
002366
002840
600802
600526
600530
002018
000762
603899
600811
600265
603611
600312
600108
300187
000529
600113
600616
300026
000428
002290
600846
002068
002341
002564
002160
300216
002272
002071
002381
601608
603901
002737
000925
601965
002743
000035
600273
600893
300498
002660
000046
300085
000002
000837
600298
600433
002673
600223
600829
300058
300253
002284
002267
300061
600365
002224
300035
000931
002376
002080
600029
002502
300538
300455
600106
600729
002554
601607
300008
300023
600290
600373
002663
603918
600770
600720
600713
601688
300155
601857
601208
300523
600595
600171
002718
300182
600730
002142
601798
600199
002318
000939
000875
000538
002309
002377
300288
002534
601866
600587
300497
600684
002437
300385
002413
300012
300262
000166
300274
300247
600333
300064
002131
603699
601566
600322
002340
002101
002199
002849
600579
002344
300241
000882
002328
600805
300269
600330
002736
601058
600064
600130
600975
601599
002516
600635
000713
002315
600519
000880
600038
600676
600548
603313
002466
600668
000962
002397
002572
300169
300406
600475
002451
600496
000708
600986
002203
600628
001696
600229
600075
600019
002672
600367
002067
600708
002595
600637
600787
600401
002326
300439
600568
600252
000004
300146
002482
000573
000001
601398
603128
300164
000543
600999
002083
000948
601966
300300
002568
603599
300541
000718
002477
000687
600309
601669
000009
601163
601989
000813
002469
600599
600380
300394
600836
600063
002749
002276
002359
600919
600207
600739
603066
002213
002646
000616
601099
600326
600892
000951
600176
002533
002537
000932
600061
300330
002152
601028
300280
002042
600396
000514
600837
601007
601928
000532
600703
603556
600618
002165
603686
002607
002077
600766
601222
603398
600495
300341
601199
002668
002105
000518
002605
600826
300173
000068
002604
601158
002658
002148
300292
300102
600983
600512
000517
600429
002024
600028
002111
002632
002483
000498
600575
603011
600820
600119
600057
300006
002448
000910
002037
603883
300478
002223
600023
600963
002521
300318
600796
603969
603608
000721
000411
600079
600246
600117
002392
002679
600321
000863
601179
000966
600981
600072
002220
600990
002760
000536
000528
600216
300233
000677
000717
600812
600642
000967
000833
603001
600178
601788
601339
300298
002011
600987
600611
601100
600529
600718
603067
300119
600343
002556
600597
600291
600738
600571
300054
601127
300260
300043
002714
002480
002674
300393
600477
300036
002031
000987
300230
000545
000889
000010
601997
603568
002017
002086
002782
002461
300205
601985
600073
600112
002788
600390
002535
000415
300391
600227
300401
600128
603508
300487
000815
600567
600758
000530
000510
600336
300167
000663
600588
002263
002417
600576
600060
600081
601009
603020
300093
603308
601177
600998
603606
002465
600509
600470
600107
600285
002363
600648
000876
000952
300501
603377
000420
300178
600623
000678
000031
300048
300087
600697
300217
000585
002490
300278
300334
601390
600839
002066
000777
600008
600520
600674
600051
600016
300019
300086
600155
002468
300206
002332
300366
300071
600650
600781
600100
300470
000958
002130
300210
000861
600299
002347
002120
300162
002096
601198
002678
300275
603025
600573
000022
600175
000607
600027
600727
300111
600566
603077
600861
002727
002172
300027
603688
002151
600610
000969
002147
601021
600482
002722
002633
600403
002687
002780
002122
002472
600159
600843
002495
600737
002654
600780
000598
600598
600054
002053
603589
002471
002291
300147
002214
600368
002730
002254
300499
600356
000726
300325
300281
000056
002421
000720
600422
002184
002385
603979
002510
600211
000816
002036
300506
002234
002293
002550
600369
002423
600643
300485
002087
002738
000810
300107
600386
603766
000959
002251
002489
002470
603023
000737
000920
600818
600958
300208
300561
002512
002697
002060
002478
300483
600562
000036
600094
300537
600270
603566
002249
600518
000819
002615
300152
300405
600351
002259
002476
600644
600272
002170
000600
600389
600355
300163
300482
603421
002425
002163
603936
002245
002369
002518
000541
000989
600896
002084
000922
600976
600131
600769
300356
300287
002127
000612
600249
600715
600090
002524
002186
002124
603989
601313
600233
000409
002194
002596
000828
000919
600288
002548
600754
300273
002493
002557
600435
603000
600200
002333
600055
300001
000779
000676
600604
002364
000590
600745
002350
002555
600345
002153
002581
300351
603615
002370
002793
002763
002035
002623
603737
603718
603600
603598
603555
603519
603399
603268
603169
603111
603108
603069
603010
601727
601700
601558
601218
601168
601118
601113
601018
601010
601005
600982
600979
600966
600917
600890
600881
600875
600871
600865
600859
600855
600834
600807
600777
600768
600753
600747
600736
600735
600733
600725
600696
600688
600687
600681
600673
600657
600655
600654
600649
600645
600636
600602
600590
600578
600559
600558
600556
600551
600490
600488
600485
600481
600469
600462
600439
600432
600406
600400
600387
600375
600358
600346
600313
600310
600277
600271
600255
600239
600228
600225
600222
600208
600173
600166
600161
600152
600151
600146
600145
600143
600138
600136
600099
600083
600062
600058
600012
300631
300629
300552
300535
300526
300518
300510
300490
300486
300479
300469
300467
300464
300457
300453
300440
300428
300423
300420
300392
300367
300364
300359
300322
300319
300315
300309
300282
300276
300271
300268
300267
300266
300251
300223
300212
300209
300201
300192
300189
300150
300149
300148
300143
300134
300118
300101
300088
300079
300068
300065
300059
300057
300051
300044
300025
002816
002813
002812
002806
002803
002795
002786
002761
002747
002745
002740
002735
002724
002717
002715
002696
002685
002681
002675
002670
002664
002652
002638
002626
002608
002606
002600
002592
002585
002578
002576
002575
002547
002526
002515
002513
002509
002505
002498
002496
002492
002486
002464
002443
002426
002411
002401
002400
002383
002379
002335
002330
002327
002316
002299
002282
002260
002255
002248
002247
002228
002212
002198
002193
002175
002168
002162
002157
002143
002135
002134
002132
002129
002115
002113
002102
002099
002082
002075
002061
002050
002049
002025
000982
000981
000979
000972
000955
000938
000935
000916
000912
000903
000886
000862
000829
000821
000809
000803
000753
000752
000733
000727
000723
000716
000697
000693
000683
000682
000673
000627
000620
000613
000611
000606
000601
000586
000584
000560
000558
000551
000533
000516
000509
000430
000413
000408
000407
000301
000153
000063
000050
000042
000032
000029
000007
300226
002558
300565
300125
300130
002354
300381
002065
300389
000971
600195
002438
000605
600088
600706
002772
300362
000792
002462
002590
000526
300168
002412
000028
002112
300003
000025
300121
300195
002039
002207
600513
002773
002661
000909
002750
002651
002488
000701
603866
600053
603861
600908
002553
600889
300063
002298
002759
600831
600746
002125
000059
000806
002414
600080
002699
000668
000061
000835
300321
002360
600864
600235
600858
002549
600352
002188
603636
002447
002218
002038
002431
600377
002424
300214
002404
600689
002701
002732
300474
600776
600241
603806
002618
002281
000608
000576
002032
600663
601233
000429
603999
002159
002329
600666
600428
002034
603002
300029
000785
600640
000005
002062
000680
603609
300377
000592
000099
002225
300117
600527
002088
300512
300442
601616
002261
300435
300376
600545
601229
600035
600555
000669
000890
002409
300418
000416
600191
300320
600868
300096
002319
600103
000881
600804
002467
600613
002693
603222
600303
600984
002305
600287
300270
002616
000731
002269
600695
300283
300011
603338
002045
002100
300338
002677
300463
600169
300311
601799
600995
300297
000419
600680
002657
002227
300050
600354
600268
300010
002752
002628
002338
603018
600382
600097
300076
002669
000911
600448
600279
002522
000571
600201
002770
300032
603669
600282
000048
002181
300397
002588
000822
000058
002799
300062
603658
603779
600658
600550
300049
002627
601311
600198
600561
002117
002620
600257
002052
300038
002441
002150
000651
000995
600784
600363
300333
603017
600010
603168
002544
002121
002432
002095
601139
600634
300129
002109
002579
600476
002246
002387
002362
601258
600707
000638
600664
600767
600791
600533
300145
600121
600759
002751
002429
000520
300097
000918
600234
600538
300339
300296
000722
000996
000705
002778
002288
000892
000820
002755
300284
002511
600186
002286
600468
000790
603998
300248
300153
603456
600615
300138
000715
600652
002395
603569
002019
002418
300161
000735
000014
300431
000090
002445
600601
000736
000062
002655
000802
000695
603997
603601
603166
603101
600278
002302
002336
000564
002599
600884
600284
002817
603227
300434
603006
000503
002561
300589
000893
000403
300413
002453
002542
300416
300211
002587
002546
000976
300336
000936
000610
300398
600653
600857
000818
002709
600116
002308
002706
000096
600018
002210
600817
002569
603877
600127
002026
600962
601689
002659
000505
603789
300352
000066
300235
002708
300104
601996
002612
300123
002797
002169
601901
002278
601811
000666
002041
300419
600426
000923
002407
002027
300380
600851
002625
600479
603159
000712
002256
002563
300045
002577
600283
600888
600860
002610
300291
000504
600256
300185
600803
600423
600609
002283
000766
603690
002785
002325
300451
600996
002703
002580
002756
002712
601238
002069
002594
000150
000757
002219
000782
300500
300337
002484
600243
002621
002647
002539
300289
600552
300092
603021
002070
601881
000679
600678
600909
000950
000702
000985
002637
002843
600261
600415
002619
002307
000017
002388
002262
300184
002090
600315
002217
002848
000018
002640
002545
600841
000034
600281
300430
600978
002629
600898
002779
600213
002695
002609
600701
300221
000006
002145
000807
600251
601519
000929
300513
000990
002567
300492
300055
002440
600883
000333
000626
002192
603843
002648
300142
600247
300368
600683
000877
000993
300400
000023
000020
601858
002215
300384
000421
603218
002459
002349
600785
002287
002289
600814
600302
002410
600276
002420
002321
603898
000681
000739
002824
300408
002839
000978
300438
002264
300335
600158
000609
002141
300196
603318
300411
002250
600408
600816
002541
000546
603238
600425
002694
600712
601128
603819
600104
300471
600827
600280
600378
300477
600250
600682
600371
000511
600385
600148
000902
002331
000565
002825
300228
300505
300466
002297
002503
600822
603558
603518
600936
300444
300215
300343
600608
600751
600493
600734
002728
002742
000633
600581
300084
600793
002767
603333
000011
002692
603300
600833
603520
002093
000591
603859
002597
300611
000567
002458
601991
600421
600319
600828
300014
000544
000887
300556
002243
000045
601801
300427
600848
600847
600379
300496
000524
300417
600671
300459
300021
600691
600620
300365
300415
300493
002552
600719
600069
600182
000703
300028
002057
002435
002154
603323
600605
601375
000913
002820
002300
600577
300200
300353
002602
600731
002819
000662
002622
600647
300374
601106
600810
002391
600749
600359
603007
002762
002808
300601
603603
002346
002796
600156
002306
002010
300180
603689
600593
600722
000635
603822
000615
603036
300174
002166
600098
600714
000659
600275
000019
600540
600764
600506
002571
002323
601888
603116
300304
600242
002352
300402
000961
600215
603009
600230
002783
600760
600381
600209
603838
600870
600050
000812
600091
000859
300160
002584
000711
002667
002856
002855
002774
000155
000033
603960
603903
603833
603811
603768
603717
603656
603517
603388
603303
603179
603178
603133
603041
601228
600732
600710
300630
300628
300627
300626
300625
300623
300622
300621
300372
002857
